        ----- our output ---------
        21790_8
        ---- your output ---------
        4125_23
        --------------------------

        ------ Data for Run 8 ------
        5000 
        22640 22690 
        7459 7488 
        10584 10668 
        220 293 
        17977 18007 
        9194 9238 
        23002 23044 
        21885 21956 
        538 624 
        29391 29457 
        21227 21304 
        25886 25905 
        12114 12185 
        25166 25184 
        21848 21862 
        17248 17293 
        25439 25483 
        28045 28084 
        15585 15626 
        13092 13167 
        23561 23581 
        4341 4402 
        16663 16741 
        17015 17104 
        19221 19291 
        7527 7574 
        20180 20206 
        29459 29496 
        14226 14227 
        14608 14696 
        ... [and more] ...
        ----------------------------
